{
 "cells": [
  {
   "cell_type": "code",
   "execution_count": 3,
   "metadata": {},
   "outputs": [],
   "source": [
    "import pandas as pd\n",
    "import numpy as np\n",
    "import matplotlib.pyplot as plt\n",
    "import plotly.express as px\n",
    "import plotly.graph_objects as go\n",
    "import seaborn as sns\n",
    "%matplotlib inline\n",
    "\n",
    "pd.set_option(\"display.max_columns\", 100)\n",
    "pd.set_option(\"display.max_rows\", df.shape[0]+1)\n",
    "\n",
    "\n",
    "df = pd.read_csv(r\"C:\\Users\\HP\\Documents\\IronHack\\Bootcamp\\IronHackLessons\\Final Project\\Final Project original\\DataBase_Clean_original\")"
   ]
  },
  {
   "cell_type": "code",
   "execution_count": 5,
   "metadata": {},
   "outputs": [
    {
     "data": {
      "text/html": [
       "<div>\n",
       "<style scoped>\n",
       "    .dataframe tbody tr th:only-of-type {\n",
       "        vertical-align: middle;\n",
       "    }\n",
       "\n",
       "    .dataframe tbody tr th {\n",
       "        vertical-align: top;\n",
       "    }\n",
       "\n",
       "    .dataframe thead th {\n",
       "        text-align: right;\n",
       "    }\n",
       "</style>\n",
       "<table border=\"1\" class=\"dataframe\">\n",
       "  <thead>\n",
       "    <tr style=\"text-align: right;\">\n",
       "      <th></th>\n",
       "      <th>Rating</th>\n",
       "      <th>min_salary</th>\n",
       "      <th>max_salary</th>\n",
       "      <th>avg_salary</th>\n",
       "      <th>easy_apply</th>\n",
       "      <th>python</th>\n",
       "      <th>ml</th>\n",
       "      <th>statistics</th>\n",
       "      <th>js</th>\n",
       "      <th>spark</th>\n",
       "      <th>aws</th>\n",
       "      <th>excel</th>\n",
       "      <th>sql</th>\n",
       "      <th>spss</th>\n",
       "      <th>power_bi</th>\n",
       "      <th>tableau</th>\n",
       "      <th>tensorflow</th>\n",
       "      <th>desc_len</th>\n",
       "      <th>same_state</th>\n",
       "      <th>age</th>\n",
       "      <th>num_competitors</th>\n",
       "    </tr>\n",
       "  </thead>\n",
       "  <tbody>\n",
       "    <tr>\n",
       "      <th>count</th>\n",
       "      <td>8688.000000</td>\n",
       "      <td>8688.000000</td>\n",
       "      <td>8688.000000</td>\n",
       "      <td>8688.000000</td>\n",
       "      <td>8688.000000</td>\n",
       "      <td>8688.000000</td>\n",
       "      <td>8688.000000</td>\n",
       "      <td>8688.000000</td>\n",
       "      <td>8688.000000</td>\n",
       "      <td>8688.000000</td>\n",
       "      <td>8688.000000</td>\n",
       "      <td>8688.000000</td>\n",
       "      <td>8688.000000</td>\n",
       "      <td>8688.000000</td>\n",
       "      <td>8688.000000</td>\n",
       "      <td>8688.000000</td>\n",
       "      <td>8688.000000</td>\n",
       "      <td>8688.00000</td>\n",
       "      <td>8688.000000</td>\n",
       "      <td>8688.000000</td>\n",
       "      <td>8688.000000</td>\n",
       "    </tr>\n",
       "    <tr>\n",
       "      <th>mean</th>\n",
       "      <td>3.279984</td>\n",
       "      <td>73.376496</td>\n",
       "      <td>119.722836</td>\n",
       "      <td>96.549666</td>\n",
       "      <td>0.044890</td>\n",
       "      <td>0.469728</td>\n",
       "      <td>0.341851</td>\n",
       "      <td>0.237684</td>\n",
       "      <td>0.227210</td>\n",
       "      <td>0.209484</td>\n",
       "      <td>0.246087</td>\n",
       "      <td>0.468462</td>\n",
       "      <td>0.556400</td>\n",
       "      <td>0.035451</td>\n",
       "      <td>0.074931</td>\n",
       "      <td>0.181169</td>\n",
       "      <td>0.036948</td>\n",
       "      <td>3397.60267</td>\n",
       "      <td>0.299263</td>\n",
       "      <td>31.815723</td>\n",
       "      <td>0.760359</td>\n",
       "    </tr>\n",
       "    <tr>\n",
       "      <th>std</th>\n",
       "      <td>1.584813</td>\n",
       "      <td>31.551507</td>\n",
       "      <td>43.710617</td>\n",
       "      <td>36.529724</td>\n",
       "      <td>0.207073</td>\n",
       "      <td>0.499112</td>\n",
       "      <td>0.474357</td>\n",
       "      <td>0.425689</td>\n",
       "      <td>0.419053</td>\n",
       "      <td>0.406964</td>\n",
       "      <td>0.430754</td>\n",
       "      <td>0.499033</td>\n",
       "      <td>0.496837</td>\n",
       "      <td>0.184928</td>\n",
       "      <td>0.263295</td>\n",
       "      <td>0.385181</td>\n",
       "      <td>0.188644</td>\n",
       "      <td>1944.45279</td>\n",
       "      <td>0.457962</td>\n",
       "      <td>46.090059</td>\n",
       "      <td>1.250443</td>\n",
       "    </tr>\n",
       "    <tr>\n",
       "      <th>min</th>\n",
       "      <td>-1.000000</td>\n",
       "      <td>10.000000</td>\n",
       "      <td>26.000000</td>\n",
       "      <td>18.000000</td>\n",
       "      <td>0.000000</td>\n",
       "      <td>0.000000</td>\n",
       "      <td>0.000000</td>\n",
       "      <td>0.000000</td>\n",
       "      <td>0.000000</td>\n",
       "      <td>0.000000</td>\n",
       "      <td>0.000000</td>\n",
       "      <td>0.000000</td>\n",
       "      <td>0.000000</td>\n",
       "      <td>0.000000</td>\n",
       "      <td>0.000000</td>\n",
       "      <td>0.000000</td>\n",
       "      <td>0.000000</td>\n",
       "      <td>5.00000</td>\n",
       "      <td>0.000000</td>\n",
       "      <td>-1.000000</td>\n",
       "      <td>0.000000</td>\n",
       "    </tr>\n",
       "    <tr>\n",
       "      <th>25%</th>\n",
       "      <td>3.200000</td>\n",
       "      <td>49.000000</td>\n",
       "      <td>87.000000</td>\n",
       "      <td>68.500000</td>\n",
       "      <td>0.000000</td>\n",
       "      <td>0.000000</td>\n",
       "      <td>0.000000</td>\n",
       "      <td>0.000000</td>\n",
       "      <td>0.000000</td>\n",
       "      <td>0.000000</td>\n",
       "      <td>0.000000</td>\n",
       "      <td>0.000000</td>\n",
       "      <td>0.000000</td>\n",
       "      <td>0.000000</td>\n",
       "      <td>0.000000</td>\n",
       "      <td>0.000000</td>\n",
       "      <td>0.000000</td>\n",
       "      <td>2001.50000</td>\n",
       "      <td>0.000000</td>\n",
       "      <td>-1.000000</td>\n",
       "      <td>0.000000</td>\n",
       "    </tr>\n",
       "    <tr>\n",
       "      <th>50%</th>\n",
       "      <td>3.700000</td>\n",
       "      <td>69.000000</td>\n",
       "      <td>111.000000</td>\n",
       "      <td>91.500000</td>\n",
       "      <td>0.000000</td>\n",
       "      <td>0.000000</td>\n",
       "      <td>0.000000</td>\n",
       "      <td>0.000000</td>\n",
       "      <td>0.000000</td>\n",
       "      <td>0.000000</td>\n",
       "      <td>0.000000</td>\n",
       "      <td>0.000000</td>\n",
       "      <td>1.000000</td>\n",
       "      <td>0.000000</td>\n",
       "      <td>0.000000</td>\n",
       "      <td>0.000000</td>\n",
       "      <td>0.000000</td>\n",
       "      <td>3170.00000</td>\n",
       "      <td>0.000000</td>\n",
       "      <td>17.000000</td>\n",
       "      <td>0.000000</td>\n",
       "    </tr>\n",
       "    <tr>\n",
       "      <th>75%</th>\n",
       "      <td>4.100000</td>\n",
       "      <td>93.000000</td>\n",
       "      <td>149.000000</td>\n",
       "      <td>121.500000</td>\n",
       "      <td>0.000000</td>\n",
       "      <td>1.000000</td>\n",
       "      <td>1.000000</td>\n",
       "      <td>0.000000</td>\n",
       "      <td>0.000000</td>\n",
       "      <td>0.000000</td>\n",
       "      <td>0.000000</td>\n",
       "      <td>1.000000</td>\n",
       "      <td>1.000000</td>\n",
       "      <td>0.000000</td>\n",
       "      <td>0.000000</td>\n",
       "      <td>0.000000</td>\n",
       "      <td>0.000000</td>\n",
       "      <td>4439.75000</td>\n",
       "      <td>1.000000</td>\n",
       "      <td>37.000000</td>\n",
       "      <td>2.000000</td>\n",
       "    </tr>\n",
       "    <tr>\n",
       "      <th>max</th>\n",
       "      <td>5.000000</td>\n",
       "      <td>200.000000</td>\n",
       "      <td>281.000000</td>\n",
       "      <td>225.000000</td>\n",
       "      <td>1.000000</td>\n",
       "      <td>1.000000</td>\n",
       "      <td>1.000000</td>\n",
       "      <td>1.000000</td>\n",
       "      <td>1.000000</td>\n",
       "      <td>1.000000</td>\n",
       "      <td>1.000000</td>\n",
       "      <td>1.000000</td>\n",
       "      <td>1.000000</td>\n",
       "      <td>1.000000</td>\n",
       "      <td>1.000000</td>\n",
       "      <td>1.000000</td>\n",
       "      <td>1.000000</td>\n",
       "      <td>19895.00000</td>\n",
       "      <td>1.000000</td>\n",
       "      <td>395.000000</td>\n",
       "      <td>4.000000</td>\n",
       "    </tr>\n",
       "  </tbody>\n",
       "</table>\n",
       "</div>"
      ],
      "text/plain": [
       "            Rating   min_salary   max_salary   avg_salary   easy_apply  \\\n",
       "count  8688.000000  8688.000000  8688.000000  8688.000000  8688.000000   \n",
       "mean      3.279984    73.376496   119.722836    96.549666     0.044890   \n",
       "std       1.584813    31.551507    43.710617    36.529724     0.207073   \n",
       "min      -1.000000    10.000000    26.000000    18.000000     0.000000   \n",
       "25%       3.200000    49.000000    87.000000    68.500000     0.000000   \n",
       "50%       3.700000    69.000000   111.000000    91.500000     0.000000   \n",
       "75%       4.100000    93.000000   149.000000   121.500000     0.000000   \n",
       "max       5.000000   200.000000   281.000000   225.000000     1.000000   \n",
       "\n",
       "            python           ml   statistics           js        spark  \\\n",
       "count  8688.000000  8688.000000  8688.000000  8688.000000  8688.000000   \n",
       "mean      0.469728     0.341851     0.237684     0.227210     0.209484   \n",
       "std       0.499112     0.474357     0.425689     0.419053     0.406964   \n",
       "min       0.000000     0.000000     0.000000     0.000000     0.000000   \n",
       "25%       0.000000     0.000000     0.000000     0.000000     0.000000   \n",
       "50%       0.000000     0.000000     0.000000     0.000000     0.000000   \n",
       "75%       1.000000     1.000000     0.000000     0.000000     0.000000   \n",
       "max       1.000000     1.000000     1.000000     1.000000     1.000000   \n",
       "\n",
       "               aws        excel          sql         spss     power_bi  \\\n",
       "count  8688.000000  8688.000000  8688.000000  8688.000000  8688.000000   \n",
       "mean      0.246087     0.468462     0.556400     0.035451     0.074931   \n",
       "std       0.430754     0.499033     0.496837     0.184928     0.263295   \n",
       "min       0.000000     0.000000     0.000000     0.000000     0.000000   \n",
       "25%       0.000000     0.000000     0.000000     0.000000     0.000000   \n",
       "50%       0.000000     0.000000     1.000000     0.000000     0.000000   \n",
       "75%       0.000000     1.000000     1.000000     0.000000     0.000000   \n",
       "max       1.000000     1.000000     1.000000     1.000000     1.000000   \n",
       "\n",
       "           tableau   tensorflow     desc_len   same_state          age  \\\n",
       "count  8688.000000  8688.000000   8688.00000  8688.000000  8688.000000   \n",
       "mean      0.181169     0.036948   3397.60267     0.299263    31.815723   \n",
       "std       0.385181     0.188644   1944.45279     0.457962    46.090059   \n",
       "min       0.000000     0.000000      5.00000     0.000000    -1.000000   \n",
       "25%       0.000000     0.000000   2001.50000     0.000000    -1.000000   \n",
       "50%       0.000000     0.000000   3170.00000     0.000000    17.000000   \n",
       "75%       0.000000     0.000000   4439.75000     1.000000    37.000000   \n",
       "max       1.000000     1.000000  19895.00000     1.000000   395.000000   \n",
       "\n",
       "       num_competitors  \n",
       "count      8688.000000  \n",
       "mean          0.760359  \n",
       "std           1.250443  \n",
       "min           0.000000  \n",
       "25%           0.000000  \n",
       "50%           0.000000  \n",
       "75%           2.000000  \n",
       "max           4.000000  "
      ]
     },
     "execution_count": 5,
     "metadata": {},
     "output_type": "execute_result"
    }
   ],
   "source": [
    "# Descriptive Statistic\n",
    "df.describe()"
   ]
  },
  {
   "cell_type": "code",
   "execution_count": 6,
   "metadata": {},
   "outputs": [
    {
     "data": {
      "text/html": [
       "<div>\n",
       "<style scoped>\n",
       "    .dataframe tbody tr th:only-of-type {\n",
       "        vertical-align: middle;\n",
       "    }\n",
       "\n",
       "    .dataframe tbody tr th {\n",
       "        vertical-align: top;\n",
       "    }\n",
       "\n",
       "    .dataframe thead th {\n",
       "        text-align: right;\n",
       "    }\n",
       "</style>\n",
       "<table border=\"1\" class=\"dataframe\">\n",
       "  <thead>\n",
       "    <tr style=\"text-align: right;\">\n",
       "      <th></th>\n",
       "      <th>Rating</th>\n",
       "      <th>min_salary</th>\n",
       "      <th>max_salary</th>\n",
       "      <th>avg_salary</th>\n",
       "      <th>easy_apply</th>\n",
       "      <th>python</th>\n",
       "      <th>ml</th>\n",
       "      <th>statistics</th>\n",
       "      <th>js</th>\n",
       "      <th>spark</th>\n",
       "      <th>aws</th>\n",
       "      <th>excel</th>\n",
       "      <th>sql</th>\n",
       "      <th>spss</th>\n",
       "      <th>power_bi</th>\n",
       "      <th>tableau</th>\n",
       "      <th>tensorflow</th>\n",
       "      <th>desc_len</th>\n",
       "      <th>same_state</th>\n",
       "      <th>age</th>\n",
       "      <th>num_competitors</th>\n",
       "    </tr>\n",
       "  </thead>\n",
       "  <tbody>\n",
       "    <tr>\n",
       "      <th>Rating</th>\n",
       "      <td>1.000000</td>\n",
       "      <td>0.049124</td>\n",
       "      <td>0.054535</td>\n",
       "      <td>0.053842</td>\n",
       "      <td>0.073069</td>\n",
       "      <td>0.032364</td>\n",
       "      <td>0.048242</td>\n",
       "      <td>0.011882</td>\n",
       "      <td>0.059577</td>\n",
       "      <td>0.016140</td>\n",
       "      <td>0.015462</td>\n",
       "      <td>0.000723</td>\n",
       "      <td>0.017055</td>\n",
       "      <td>0.052854</td>\n",
       "      <td>-0.024075</td>\n",
       "      <td>-0.002809</td>\n",
       "      <td>0.012832</td>\n",
       "      <td>0.064656</td>\n",
       "      <td>0.100215</td>\n",
       "      <td>0.184996</td>\n",
       "      <td>0.185675</td>\n",
       "    </tr>\n",
       "    <tr>\n",
       "      <th>min_salary</th>\n",
       "      <td>0.049124</td>\n",
       "      <td>1.000000</td>\n",
       "      <td>0.881555</td>\n",
       "      <td>0.959285</td>\n",
       "      <td>0.068224</td>\n",
       "      <td>0.209243</td>\n",
       "      <td>0.157157</td>\n",
       "      <td>0.086423</td>\n",
       "      <td>0.105015</td>\n",
       "      <td>0.122972</td>\n",
       "      <td>0.055783</td>\n",
       "      <td>-0.062322</td>\n",
       "      <td>0.026576</td>\n",
       "      <td>-0.049243</td>\n",
       "      <td>-0.063078</td>\n",
       "      <td>-0.031567</td>\n",
       "      <td>0.094365</td>\n",
       "      <td>0.012529</td>\n",
       "      <td>0.066364</td>\n",
       "      <td>-0.033622</td>\n",
       "      <td>0.076307</td>\n",
       "    </tr>\n",
       "    <tr>\n",
       "      <th>max_salary</th>\n",
       "      <td>0.054535</td>\n",
       "      <td>0.881555</td>\n",
       "      <td>1.000000</td>\n",
       "      <td>0.978997</td>\n",
       "      <td>0.066847</td>\n",
       "      <td>0.200787</td>\n",
       "      <td>0.155714</td>\n",
       "      <td>0.084164</td>\n",
       "      <td>0.105072</td>\n",
       "      <td>0.135193</td>\n",
       "      <td>0.066932</td>\n",
       "      <td>-0.056631</td>\n",
       "      <td>0.006264</td>\n",
       "      <td>-0.053256</td>\n",
       "      <td>-0.063170</td>\n",
       "      <td>-0.031784</td>\n",
       "      <td>0.110441</td>\n",
       "      <td>0.025958</td>\n",
       "      <td>0.057953</td>\n",
       "      <td>-0.011958</td>\n",
       "      <td>0.081194</td>\n",
       "    </tr>\n",
       "    <tr>\n",
       "      <th>avg_salary</th>\n",
       "      <td>0.053842</td>\n",
       "      <td>0.959285</td>\n",
       "      <td>0.978997</td>\n",
       "      <td>1.000000</td>\n",
       "      <td>0.069457</td>\n",
       "      <td>0.210492</td>\n",
       "      <td>0.161031</td>\n",
       "      <td>0.087677</td>\n",
       "      <td>0.108215</td>\n",
       "      <td>0.133991</td>\n",
       "      <td>0.064135</td>\n",
       "      <td>-0.060796</td>\n",
       "      <td>0.015225</td>\n",
       "      <td>-0.053129</td>\n",
       "      <td>-0.065035</td>\n",
       "      <td>-0.032649</td>\n",
       "      <td>0.106828</td>\n",
       "      <td>0.020941</td>\n",
       "      <td>0.063332</td>\n",
       "      <td>-0.021675</td>\n",
       "      <td>0.081532</td>\n",
       "    </tr>\n",
       "    <tr>\n",
       "      <th>easy_apply</th>\n",
       "      <td>0.073069</td>\n",
       "      <td>0.068224</td>\n",
       "      <td>0.066847</td>\n",
       "      <td>0.069457</td>\n",
       "      <td>1.000000</td>\n",
       "      <td>0.059929</td>\n",
       "      <td>0.019546</td>\n",
       "      <td>0.010843</td>\n",
       "      <td>0.035006</td>\n",
       "      <td>-0.013249</td>\n",
       "      <td>0.000034</td>\n",
       "      <td>-0.031971</td>\n",
       "      <td>0.022383</td>\n",
       "      <td>-0.032544</td>\n",
       "      <td>0.003752</td>\n",
       "      <td>0.017815</td>\n",
       "      <td>0.048890</td>\n",
       "      <td>0.000501</td>\n",
       "      <td>0.099887</td>\n",
       "      <td>-0.072961</td>\n",
       "      <td>0.037104</td>\n",
       "    </tr>\n",
       "    <tr>\n",
       "      <th>python</th>\n",
       "      <td>0.032364</td>\n",
       "      <td>0.209243</td>\n",
       "      <td>0.200787</td>\n",
       "      <td>0.210492</td>\n",
       "      <td>0.059929</td>\n",
       "      <td>1.000000</td>\n",
       "      <td>0.308700</td>\n",
       "      <td>0.203723</td>\n",
       "      <td>0.311381</td>\n",
       "      <td>0.388831</td>\n",
       "      <td>0.265959</td>\n",
       "      <td>-0.102969</td>\n",
       "      <td>0.317677</td>\n",
       "      <td>-0.025787</td>\n",
       "      <td>0.008941</td>\n",
       "      <td>0.149484</td>\n",
       "      <td>0.173877</td>\n",
       "      <td>0.055401</td>\n",
       "      <td>0.034602</td>\n",
       "      <td>-0.028848</td>\n",
       "      <td>0.078016</td>\n",
       "    </tr>\n",
       "    <tr>\n",
       "      <th>ml</th>\n",
       "      <td>0.048242</td>\n",
       "      <td>0.157157</td>\n",
       "      <td>0.155714</td>\n",
       "      <td>0.161031</td>\n",
       "      <td>0.019546</td>\n",
       "      <td>0.308700</td>\n",
       "      <td>1.000000</td>\n",
       "      <td>0.242896</td>\n",
       "      <td>0.258388</td>\n",
       "      <td>0.189525</td>\n",
       "      <td>0.109927</td>\n",
       "      <td>-0.018641</td>\n",
       "      <td>0.117466</td>\n",
       "      <td>0.071794</td>\n",
       "      <td>-0.006954</td>\n",
       "      <td>-0.003196</td>\n",
       "      <td>0.257626</td>\n",
       "      <td>0.162968</td>\n",
       "      <td>0.047261</td>\n",
       "      <td>0.030872</td>\n",
       "      <td>0.089221</td>\n",
       "    </tr>\n",
       "    <tr>\n",
       "      <th>statistics</th>\n",
       "      <td>0.011882</td>\n",
       "      <td>0.086423</td>\n",
       "      <td>0.084164</td>\n",
       "      <td>0.087677</td>\n",
       "      <td>0.010843</td>\n",
       "      <td>0.203723</td>\n",
       "      <td>0.242896</td>\n",
       "      <td>1.000000</td>\n",
       "      <td>0.019238</td>\n",
       "      <td>0.028848</td>\n",
       "      <td>-0.012034</td>\n",
       "      <td>0.073494</td>\n",
       "      <td>0.131191</td>\n",
       "      <td>0.233665</td>\n",
       "      <td>0.028005</td>\n",
       "      <td>0.117865</td>\n",
       "      <td>0.135756</td>\n",
       "      <td>0.172639</td>\n",
       "      <td>0.072052</td>\n",
       "      <td>0.051576</td>\n",
       "      <td>0.041059</td>\n",
       "    </tr>\n",
       "    <tr>\n",
       "      <th>js</th>\n",
       "      <td>0.059577</td>\n",
       "      <td>0.105015</td>\n",
       "      <td>0.105072</td>\n",
       "      <td>0.108215</td>\n",
       "      <td>0.035006</td>\n",
       "      <td>0.311381</td>\n",
       "      <td>0.258388</td>\n",
       "      <td>0.019238</td>\n",
       "      <td>1.000000</td>\n",
       "      <td>0.319598</td>\n",
       "      <td>0.210592</td>\n",
       "      <td>-0.058759</td>\n",
       "      <td>0.209918</td>\n",
       "      <td>0.111438</td>\n",
       "      <td>-0.059379</td>\n",
       "      <td>-0.048231</td>\n",
       "      <td>0.062712</td>\n",
       "      <td>0.050422</td>\n",
       "      <td>-0.032838</td>\n",
       "      <td>-0.005526</td>\n",
       "      <td>0.029229</td>\n",
       "    </tr>\n",
       "    <tr>\n",
       "      <th>spark</th>\n",
       "      <td>0.016140</td>\n",
       "      <td>0.122972</td>\n",
       "      <td>0.135193</td>\n",
       "      <td>0.133991</td>\n",
       "      <td>-0.013249</td>\n",
       "      <td>0.388831</td>\n",
       "      <td>0.189525</td>\n",
       "      <td>0.028848</td>\n",
       "      <td>0.319598</td>\n",
       "      <td>1.000000</td>\n",
       "      <td>0.277850</td>\n",
       "      <td>-0.117106</td>\n",
       "      <td>0.213128</td>\n",
       "      <td>-0.080335</td>\n",
       "      <td>-0.035855</td>\n",
       "      <td>-0.020363</td>\n",
       "      <td>0.169071</td>\n",
       "      <td>-0.028645</td>\n",
       "      <td>-0.041790</td>\n",
       "      <td>-0.033279</td>\n",
       "      <td>0.057264</td>\n",
       "    </tr>\n",
       "    <tr>\n",
       "      <th>aws</th>\n",
       "      <td>0.015462</td>\n",
       "      <td>0.055783</td>\n",
       "      <td>0.066932</td>\n",
       "      <td>0.064135</td>\n",
       "      <td>0.000034</td>\n",
       "      <td>0.265959</td>\n",
       "      <td>0.109927</td>\n",
       "      <td>-0.012034</td>\n",
       "      <td>0.210592</td>\n",
       "      <td>0.277850</td>\n",
       "      <td>1.000000</td>\n",
       "      <td>-0.060820</td>\n",
       "      <td>0.121248</td>\n",
       "      <td>-0.079184</td>\n",
       "      <td>-0.030655</td>\n",
       "      <td>-0.001624</td>\n",
       "      <td>0.068007</td>\n",
       "      <td>0.157499</td>\n",
       "      <td>0.017025</td>\n",
       "      <td>0.034088</td>\n",
       "      <td>0.059275</td>\n",
       "    </tr>\n",
       "    <tr>\n",
       "      <th>excel</th>\n",
       "      <td>0.000723</td>\n",
       "      <td>-0.062322</td>\n",
       "      <td>-0.056631</td>\n",
       "      <td>-0.060796</td>\n",
       "      <td>-0.031971</td>\n",
       "      <td>-0.102969</td>\n",
       "      <td>-0.018641</td>\n",
       "      <td>0.073494</td>\n",
       "      <td>-0.058759</td>\n",
       "      <td>-0.117106</td>\n",
       "      <td>-0.060820</td>\n",
       "      <td>1.000000</td>\n",
       "      <td>0.043389</td>\n",
       "      <td>0.099433</td>\n",
       "      <td>0.058727</td>\n",
       "      <td>0.102192</td>\n",
       "      <td>-0.051818</td>\n",
       "      <td>0.198604</td>\n",
       "      <td>0.036769</td>\n",
       "      <td>0.078957</td>\n",
       "      <td>0.040093</td>\n",
       "    </tr>\n",
       "    <tr>\n",
       "      <th>sql</th>\n",
       "      <td>0.017055</td>\n",
       "      <td>0.026576</td>\n",
       "      <td>0.006264</td>\n",
       "      <td>0.015225</td>\n",
       "      <td>0.022383</td>\n",
       "      <td>0.317677</td>\n",
       "      <td>0.117466</td>\n",
       "      <td>0.131191</td>\n",
       "      <td>0.209918</td>\n",
       "      <td>0.213128</td>\n",
       "      <td>0.121248</td>\n",
       "      <td>0.043389</td>\n",
       "      <td>1.000000</td>\n",
       "      <td>0.093502</td>\n",
       "      <td>0.174926</td>\n",
       "      <td>0.290672</td>\n",
       "      <td>0.011540</td>\n",
       "      <td>0.019609</td>\n",
       "      <td>0.013337</td>\n",
       "      <td>-0.095931</td>\n",
       "      <td>0.005267</td>\n",
       "    </tr>\n",
       "    <tr>\n",
       "      <th>spss</th>\n",
       "      <td>0.052854</td>\n",
       "      <td>-0.049243</td>\n",
       "      <td>-0.053256</td>\n",
       "      <td>-0.053129</td>\n",
       "      <td>-0.032544</td>\n",
       "      <td>-0.025787</td>\n",
       "      <td>0.071794</td>\n",
       "      <td>0.233665</td>\n",
       "      <td>0.111438</td>\n",
       "      <td>-0.080335</td>\n",
       "      <td>-0.079184</td>\n",
       "      <td>0.099433</td>\n",
       "      <td>0.093502</td>\n",
       "      <td>1.000000</td>\n",
       "      <td>0.032913</td>\n",
       "      <td>0.029412</td>\n",
       "      <td>-0.011153</td>\n",
       "      <td>0.021890</td>\n",
       "      <td>0.001124</td>\n",
       "      <td>0.024969</td>\n",
       "      <td>-0.059334</td>\n",
       "    </tr>\n",
       "    <tr>\n",
       "      <th>power_bi</th>\n",
       "      <td>-0.024075</td>\n",
       "      <td>-0.063078</td>\n",
       "      <td>-0.063170</td>\n",
       "      <td>-0.065035</td>\n",
       "      <td>0.003752</td>\n",
       "      <td>0.008941</td>\n",
       "      <td>-0.006954</td>\n",
       "      <td>0.028005</td>\n",
       "      <td>-0.059379</td>\n",
       "      <td>-0.035855</td>\n",
       "      <td>-0.030655</td>\n",
       "      <td>0.058727</td>\n",
       "      <td>0.174926</td>\n",
       "      <td>0.032913</td>\n",
       "      <td>1.000000</td>\n",
       "      <td>0.319022</td>\n",
       "      <td>-0.034887</td>\n",
       "      <td>0.075728</td>\n",
       "      <td>0.026902</td>\n",
       "      <td>0.001460</td>\n",
       "      <td>0.010841</td>\n",
       "    </tr>\n",
       "    <tr>\n",
       "      <th>tableau</th>\n",
       "      <td>-0.002809</td>\n",
       "      <td>-0.031567</td>\n",
       "      <td>-0.031784</td>\n",
       "      <td>-0.032649</td>\n",
       "      <td>0.017815</td>\n",
       "      <td>0.149484</td>\n",
       "      <td>-0.003196</td>\n",
       "      <td>0.117865</td>\n",
       "      <td>-0.048231</td>\n",
       "      <td>-0.020363</td>\n",
       "      <td>-0.001624</td>\n",
       "      <td>0.102192</td>\n",
       "      <td>0.290672</td>\n",
       "      <td>0.029412</td>\n",
       "      <td>0.319022</td>\n",
       "      <td>1.000000</td>\n",
       "      <td>-0.052526</td>\n",
       "      <td>0.045311</td>\n",
       "      <td>0.018899</td>\n",
       "      <td>-0.037401</td>\n",
       "      <td>0.013192</td>\n",
       "    </tr>\n",
       "    <tr>\n",
       "      <th>tensorflow</th>\n",
       "      <td>0.012832</td>\n",
       "      <td>0.094365</td>\n",
       "      <td>0.110441</td>\n",
       "      <td>0.106828</td>\n",
       "      <td>0.048890</td>\n",
       "      <td>0.173877</td>\n",
       "      <td>0.257626</td>\n",
       "      <td>0.135756</td>\n",
       "      <td>0.062712</td>\n",
       "      <td>0.169071</td>\n",
       "      <td>0.068007</td>\n",
       "      <td>-0.051818</td>\n",
       "      <td>0.011540</td>\n",
       "      <td>-0.011153</td>\n",
       "      <td>-0.034887</td>\n",
       "      <td>-0.052526</td>\n",
       "      <td>1.000000</td>\n",
       "      <td>0.039116</td>\n",
       "      <td>0.014573</td>\n",
       "      <td>-0.003096</td>\n",
       "      <td>0.063404</td>\n",
       "    </tr>\n",
       "    <tr>\n",
       "      <th>desc_len</th>\n",
       "      <td>0.064656</td>\n",
       "      <td>0.012529</td>\n",
       "      <td>0.025958</td>\n",
       "      <td>0.020941</td>\n",
       "      <td>0.000501</td>\n",
       "      <td>0.055401</td>\n",
       "      <td>0.162968</td>\n",
       "      <td>0.172639</td>\n",
       "      <td>0.050422</td>\n",
       "      <td>-0.028645</td>\n",
       "      <td>0.157499</td>\n",
       "      <td>0.198604</td>\n",
       "      <td>0.019609</td>\n",
       "      <td>0.021890</td>\n",
       "      <td>0.075728</td>\n",
       "      <td>0.045311</td>\n",
       "      <td>0.039116</td>\n",
       "      <td>1.000000</td>\n",
       "      <td>0.156752</td>\n",
       "      <td>0.332553</td>\n",
       "      <td>0.194407</td>\n",
       "    </tr>\n",
       "    <tr>\n",
       "      <th>same_state</th>\n",
       "      <td>0.100215</td>\n",
       "      <td>0.066364</td>\n",
       "      <td>0.057953</td>\n",
       "      <td>0.063332</td>\n",
       "      <td>0.099887</td>\n",
       "      <td>0.034602</td>\n",
       "      <td>0.047261</td>\n",
       "      <td>0.072052</td>\n",
       "      <td>-0.032838</td>\n",
       "      <td>-0.041790</td>\n",
       "      <td>0.017025</td>\n",
       "      <td>0.036769</td>\n",
       "      <td>0.013337</td>\n",
       "      <td>0.001124</td>\n",
       "      <td>0.026902</td>\n",
       "      <td>0.018899</td>\n",
       "      <td>0.014573</td>\n",
       "      <td>0.156752</td>\n",
       "      <td>1.000000</td>\n",
       "      <td>0.036170</td>\n",
       "      <td>-0.013857</td>\n",
       "    </tr>\n",
       "    <tr>\n",
       "      <th>age</th>\n",
       "      <td>0.184996</td>\n",
       "      <td>-0.033622</td>\n",
       "      <td>-0.011958</td>\n",
       "      <td>-0.021675</td>\n",
       "      <td>-0.072961</td>\n",
       "      <td>-0.028848</td>\n",
       "      <td>0.030872</td>\n",
       "      <td>0.051576</td>\n",
       "      <td>-0.005526</td>\n",
       "      <td>-0.033279</td>\n",
       "      <td>0.034088</td>\n",
       "      <td>0.078957</td>\n",
       "      <td>-0.095931</td>\n",
       "      <td>0.024969</td>\n",
       "      <td>0.001460</td>\n",
       "      <td>-0.037401</td>\n",
       "      <td>-0.003096</td>\n",
       "      <td>0.332553</td>\n",
       "      <td>0.036170</td>\n",
       "      <td>1.000000</td>\n",
       "      <td>0.259889</td>\n",
       "    </tr>\n",
       "    <tr>\n",
       "      <th>num_competitors</th>\n",
       "      <td>0.185675</td>\n",
       "      <td>0.076307</td>\n",
       "      <td>0.081194</td>\n",
       "      <td>0.081532</td>\n",
       "      <td>0.037104</td>\n",
       "      <td>0.078016</td>\n",
       "      <td>0.089221</td>\n",
       "      <td>0.041059</td>\n",
       "      <td>0.029229</td>\n",
       "      <td>0.057264</td>\n",
       "      <td>0.059275</td>\n",
       "      <td>0.040093</td>\n",
       "      <td>0.005267</td>\n",
       "      <td>-0.059334</td>\n",
       "      <td>0.010841</td>\n",
       "      <td>0.013192</td>\n",
       "      <td>0.063404</td>\n",
       "      <td>0.194407</td>\n",
       "      <td>-0.013857</td>\n",
       "      <td>0.259889</td>\n",
       "      <td>1.000000</td>\n",
       "    </tr>\n",
       "  </tbody>\n",
       "</table>\n",
       "</div>"
      ],
      "text/plain": [
       "                   Rating  min_salary  max_salary  avg_salary  easy_apply  \\\n",
       "Rating           1.000000    0.049124    0.054535    0.053842    0.073069   \n",
       "min_salary       0.049124    1.000000    0.881555    0.959285    0.068224   \n",
       "max_salary       0.054535    0.881555    1.000000    0.978997    0.066847   \n",
       "avg_salary       0.053842    0.959285    0.978997    1.000000    0.069457   \n",
       "easy_apply       0.073069    0.068224    0.066847    0.069457    1.000000   \n",
       "python           0.032364    0.209243    0.200787    0.210492    0.059929   \n",
       "ml               0.048242    0.157157    0.155714    0.161031    0.019546   \n",
       "statistics       0.011882    0.086423    0.084164    0.087677    0.010843   \n",
       "js               0.059577    0.105015    0.105072    0.108215    0.035006   \n",
       "spark            0.016140    0.122972    0.135193    0.133991   -0.013249   \n",
       "aws              0.015462    0.055783    0.066932    0.064135    0.000034   \n",
       "excel            0.000723   -0.062322   -0.056631   -0.060796   -0.031971   \n",
       "sql              0.017055    0.026576    0.006264    0.015225    0.022383   \n",
       "spss             0.052854   -0.049243   -0.053256   -0.053129   -0.032544   \n",
       "power_bi        -0.024075   -0.063078   -0.063170   -0.065035    0.003752   \n",
       "tableau         -0.002809   -0.031567   -0.031784   -0.032649    0.017815   \n",
       "tensorflow       0.012832    0.094365    0.110441    0.106828    0.048890   \n",
       "desc_len         0.064656    0.012529    0.025958    0.020941    0.000501   \n",
       "same_state       0.100215    0.066364    0.057953    0.063332    0.099887   \n",
       "age              0.184996   -0.033622   -0.011958   -0.021675   -0.072961   \n",
       "num_competitors  0.185675    0.076307    0.081194    0.081532    0.037104   \n",
       "\n",
       "                   python        ml  statistics        js     spark       aws  \\\n",
       "Rating           0.032364  0.048242    0.011882  0.059577  0.016140  0.015462   \n",
       "min_salary       0.209243  0.157157    0.086423  0.105015  0.122972  0.055783   \n",
       "max_salary       0.200787  0.155714    0.084164  0.105072  0.135193  0.066932   \n",
       "avg_salary       0.210492  0.161031    0.087677  0.108215  0.133991  0.064135   \n",
       "easy_apply       0.059929  0.019546    0.010843  0.035006 -0.013249  0.000034   \n",
       "python           1.000000  0.308700    0.203723  0.311381  0.388831  0.265959   \n",
       "ml               0.308700  1.000000    0.242896  0.258388  0.189525  0.109927   \n",
       "statistics       0.203723  0.242896    1.000000  0.019238  0.028848 -0.012034   \n",
       "js               0.311381  0.258388    0.019238  1.000000  0.319598  0.210592   \n",
       "spark            0.388831  0.189525    0.028848  0.319598  1.000000  0.277850   \n",
       "aws              0.265959  0.109927   -0.012034  0.210592  0.277850  1.000000   \n",
       "excel           -0.102969 -0.018641    0.073494 -0.058759 -0.117106 -0.060820   \n",
       "sql              0.317677  0.117466    0.131191  0.209918  0.213128  0.121248   \n",
       "spss            -0.025787  0.071794    0.233665  0.111438 -0.080335 -0.079184   \n",
       "power_bi         0.008941 -0.006954    0.028005 -0.059379 -0.035855 -0.030655   \n",
       "tableau          0.149484 -0.003196    0.117865 -0.048231 -0.020363 -0.001624   \n",
       "tensorflow       0.173877  0.257626    0.135756  0.062712  0.169071  0.068007   \n",
       "desc_len         0.055401  0.162968    0.172639  0.050422 -0.028645  0.157499   \n",
       "same_state       0.034602  0.047261    0.072052 -0.032838 -0.041790  0.017025   \n",
       "age             -0.028848  0.030872    0.051576 -0.005526 -0.033279  0.034088   \n",
       "num_competitors  0.078016  0.089221    0.041059  0.029229  0.057264  0.059275   \n",
       "\n",
       "                    excel       sql      spss  power_bi   tableau  tensorflow  \\\n",
       "Rating           0.000723  0.017055  0.052854 -0.024075 -0.002809    0.012832   \n",
       "min_salary      -0.062322  0.026576 -0.049243 -0.063078 -0.031567    0.094365   \n",
       "max_salary      -0.056631  0.006264 -0.053256 -0.063170 -0.031784    0.110441   \n",
       "avg_salary      -0.060796  0.015225 -0.053129 -0.065035 -0.032649    0.106828   \n",
       "easy_apply      -0.031971  0.022383 -0.032544  0.003752  0.017815    0.048890   \n",
       "python          -0.102969  0.317677 -0.025787  0.008941  0.149484    0.173877   \n",
       "ml              -0.018641  0.117466  0.071794 -0.006954 -0.003196    0.257626   \n",
       "statistics       0.073494  0.131191  0.233665  0.028005  0.117865    0.135756   \n",
       "js              -0.058759  0.209918  0.111438 -0.059379 -0.048231    0.062712   \n",
       "spark           -0.117106  0.213128 -0.080335 -0.035855 -0.020363    0.169071   \n",
       "aws             -0.060820  0.121248 -0.079184 -0.030655 -0.001624    0.068007   \n",
       "excel            1.000000  0.043389  0.099433  0.058727  0.102192   -0.051818   \n",
       "sql              0.043389  1.000000  0.093502  0.174926  0.290672    0.011540   \n",
       "spss             0.099433  0.093502  1.000000  0.032913  0.029412   -0.011153   \n",
       "power_bi         0.058727  0.174926  0.032913  1.000000  0.319022   -0.034887   \n",
       "tableau          0.102192  0.290672  0.029412  0.319022  1.000000   -0.052526   \n",
       "tensorflow      -0.051818  0.011540 -0.011153 -0.034887 -0.052526    1.000000   \n",
       "desc_len         0.198604  0.019609  0.021890  0.075728  0.045311    0.039116   \n",
       "same_state       0.036769  0.013337  0.001124  0.026902  0.018899    0.014573   \n",
       "age              0.078957 -0.095931  0.024969  0.001460 -0.037401   -0.003096   \n",
       "num_competitors  0.040093  0.005267 -0.059334  0.010841  0.013192    0.063404   \n",
       "\n",
       "                 desc_len  same_state       age  num_competitors  \n",
       "Rating           0.064656    0.100215  0.184996         0.185675  \n",
       "min_salary       0.012529    0.066364 -0.033622         0.076307  \n",
       "max_salary       0.025958    0.057953 -0.011958         0.081194  \n",
       "avg_salary       0.020941    0.063332 -0.021675         0.081532  \n",
       "easy_apply       0.000501    0.099887 -0.072961         0.037104  \n",
       "python           0.055401    0.034602 -0.028848         0.078016  \n",
       "ml               0.162968    0.047261  0.030872         0.089221  \n",
       "statistics       0.172639    0.072052  0.051576         0.041059  \n",
       "js               0.050422   -0.032838 -0.005526         0.029229  \n",
       "spark           -0.028645   -0.041790 -0.033279         0.057264  \n",
       "aws              0.157499    0.017025  0.034088         0.059275  \n",
       "excel            0.198604    0.036769  0.078957         0.040093  \n",
       "sql              0.019609    0.013337 -0.095931         0.005267  \n",
       "spss             0.021890    0.001124  0.024969        -0.059334  \n",
       "power_bi         0.075728    0.026902  0.001460         0.010841  \n",
       "tableau          0.045311    0.018899 -0.037401         0.013192  \n",
       "tensorflow       0.039116    0.014573 -0.003096         0.063404  \n",
       "desc_len         1.000000    0.156752  0.332553         0.194407  \n",
       "same_state       0.156752    1.000000  0.036170        -0.013857  \n",
       "age              0.332553    0.036170  1.000000         0.259889  \n",
       "num_competitors  0.194407   -0.013857  0.259889         1.000000  "
      ]
     },
     "execution_count": 6,
     "metadata": {},
     "output_type": "execute_result"
    }
   ],
   "source": [
    "df.corr()"
   ]
  },
  {
   "cell_type": "code",
   "execution_count": 42,
   "metadata": {},
   "outputs": [
    {
     "data": {
